0 23
1 32
2 5
3 62
4 78
5 58
6 40
7 5
8 24
9 24
10 98
13 74
14 13
16 70
17 46
19 16
20 33
21 45
22 61
23 53
24 18
25 56
26 70
27 48
28 17
29 62
30 21
31 37
32 45
33 13
34 77
35 83
36 85
38 61
39 97
40 31
41 80
44 100
45 25
46 35
47 32
48 90
49 22
50 48
51 59
52 0
53 3
54 28
55 93
56 100
57 73
58 32
59 55
60 62
61 16
62 66
63 84
64 19
65 73
66 39
67 71
68 52
69 51
70 32
71 56
72 37
73 68
75 29
76 82
77 25
78 51
79 14
80 81
81 28
82 36
83 90
84 76
85 85
86 66
87 3
88 9
89 17
90 31
91 46
92 65
93 5
94 100
95 27
96 13
97 86
98 89
99 31
100 51
101 19
102 53
103 50
104 56
105 42
106 70
107 1
108 29
109 37
110 63
111 22
112 15
113 81
115 56
116 58
117 63
118 58
119 61
120 33
121 61
122 45
123 62
124 19
125 94
126 32
127 71
128 34
129 59
130 21
131 100
132 71
133 34
134 21
135 32
136 53
137 51
139 16
140 16
141 38
142 34
143 61
144 27
145 59
146 67
147 50
148 7
149 99
150 99
151 92
152 60
153 92
154 13
155 82
156 81
158 90
159 89
160 13
161 13
162 5
163 95
164 69
165 1
166 51
167 57
168 8
169 55
170 0
171 70
172 23
173 40
174 20
175 97
176 100
177 16
178 0
180 30
181 34
182 2
184 93
185 70
186 66
187 98
188 19
189 51
190 24
192 32
193 37
194 77
195 16
196 32
197 95
198 79
199 59
200 63
201 6
202 0
203 46
204 99
206 84
207 100
208 40
211 1
212 70
213 45
214 100
216 30
217 2
218 24
219 91
220 13
221 69
222 96
223 25
224 30
225 33
226 98
227 34
228 95
229 84
230 57
231 52
232 68
233 73
234 75
236 50
238 48
239 45
242 32
243 7
244 33
245 43
246 69
248 17
249 6
250 100
251 76
252 20
254 23
257 28
258 93
259 0
260 49
261 65
262 2
263 15
265 31
266 87
268 57
269 11
271 39
272 18
273 85
274 25
275 61
276 13
277 8
280 79
281 45
284 94
285 32
288 56
290 80
291 20
297 47
299 51
300 8
301 80
302 78
303 66
304 50
305 19
306 33
308 67
309 80
310 37
311 17
312 91
313 55
314 81
315 12
318 79
319 96
320 91
322 46
323 82
324 35
325 52
326 12
329 88
330 88
331 84
333 68
334 85
339 21
348 73
349 81
350 17
351 21
352 23
353 93
354 37
355 78
356 69
357 80
359 93
360 51
361 6
362 77
363 43
364 66
365 96
366 6
367 44
368 59
369 34
370 9
371 5
372 52
373 24
374 4
375 18
376 20
377 95
378 27
379 74
380 0
381 25
382 54
383 42
384 82
385 35
386 77
387 87
388 17
389 43
390 18
391 80
392 74
393 11
394 42
395 38
396 27
397 28
398 12
399 40
400 96
402 63
403 19
404 92
405 14
406 90
407 47
408 38
409 88
410 74
411 12
412 30
413 57
414 48
415 36
416 97
417 65
418 90
419 16
420 74
421 48
422 46
423 7
424 94
425 30
426 98
427 73
428 34
429 36
430 25
431 37
432 40
433 17
434 40
435 48
436 42
437 59
438 73
439 92
440 35
441 97
442 40
443 71
444 35
445 68
446 15
448 30
449 58
450 13
451 78
452 90
453 83
454 89
455 26
456 35
457 71
458 82
459 17
460 23
461 30
462 88
463 12
464 91
465 22
466 52
467 16
469 20
470 87
471 65
472 57
473 56
474 56
475 31
476 31
477 21
478 37
479 82
480 68
481 44
482 77
483 93
484 89
485 59
486 100
487 71
488 83
489 0
490 52
491 45
492 44
493 26
494 100
495 29
496 30
497 79
498 60
499 42
500 22
501 28
502 17
503 75
504 4
505 49
506 23
507 18
508 21
509 37
510 65
511 54
512 100
513 18
514 66
515 62
516 3
517 12
518 61
519 93
520 38
521 0
522 19
523 43
524 7
525 46
526 65
527 96
528 0
529 23
531 65
532 61
534 60
536 27
537 77
538 66
539 47
540 45
541 63
542 52
543 79
544 43
545 21
546 70
547 49
548 56
549 73
551 89
553 27
554 29
555 94
556 97
557 48
558 43
559 51
560 98
561 89
563 97
566 80
567 75
573 61
574 29
575 25
576 79
577 87
578 90
579 92
580 34
581 5
582 67
583 96
584 45
586 84
587 62
588 63
589 92
590 19
591 62
592 63
594 99
595 86
596 40
597 73
598 85
599 97
600 58
601 17
603 28
604 22
605 0
606 99
609 35
611 68
612 76
614 31
615 35
616 82
617 4
618 83
619 42
620 72
621 17
622 44
623 41
625 56
626 17
627 64
628 77
629 30
630 62
631 5
632 28
633 83
634 65
635 3
636 69
637 7
639 85
640 70
641 14
643 14
644 93
645 50
646 80
647 48
649 75
650 14
651 11
653 42
654 68
655 12
657 3
658 19
659 26
661 1
662 41
664 77
665 59
666 94
669 3
670 7
672 43
675 41
676 19
677 93
678 46
679 4
680 12
686 28
687 28
688 63
689 77
690 90
691 62
693 91
694 25
695 80
696 41
697 50
698 69
699 22
700 69
701 53
702 62
703 12
704 5
705 83
706 21
707 32
708 95
709 89
710 60
711 72
712 5
713 34
714 47
715 24
716 14
717 7
718 1
719 82
720 48
721 33
722 4
723 24
724 100
725 43
726 11
727 52
728 76
729 68
730 75
731 40
732 99
733 47
734 5
735 66
736 2
737 41
738 78
739 80
740 43
741 38
742 71
743 69
744 80
745 25
746 31
747 85
748 85
749 33
750 33
751 12
752 94
753 78
754 3
755 73
756 18
757 57
758 13
759 14
760 86
761 39
762 19
763 11
764 29
765 82
766 33
767 96
768 54
769 72
770 8
771 70
772 42
773 72
774 47
776 71
777 5
778 83
779 29
780 82
781 92
782 9
783 1
784 40
785 24
786 10
787 87
788 34
789 80
790 87
791 22
792 44
793 19
794 32
795 76
796 68
797 84
798 86
799 63
800 57
802 27
803 82
804 39
805 91
806 32
807 82
808 75
809 7
810 34
811 81
812 84
813 22
814 10
815 65
816 46
817 18
818 89
819 83
820 14
821 5
822 87
823 24
824 74
825 87
826 11
827 12
828 78
829 6
830 5
831 33
834 76
835 80
836 26
837 14
838 71
840 81
842 2
844 49
845 37
847 31
852 69
856 79
857 38
858 84
859 61
860 0
861 38
862 92
863 91
864 54
865 63
866 10
867 9
869 4
870 100
871 7
872 33
873 16
874 87
876 56
877 34
878 67
879 94
881 30
882 74
884 98
885 73
886 2
888 51
896 62
897 97
898 53
899 89
900 56
901 64
902 48
903 14
904 53
905 51
906 3
907 95
908 61
909 5
910 29
912 60
913 32
914 59
915 100
916 54
917 13
919 56
920 12
921 95
922 36
923 42
924 46
925 61
926 76
927 90
928 40
929 47
930 4
931 83
932 73
933 36
934 3
935 36
936 7
937 79
938 3
939 44
940 58
941 65
942 35
943 95
944 74
945 65
946 4
947 23
948 92
949 77
950 96
951 68
952 43
953 36
954 77
955 98
956 59
957 13
958 40
959 3
960 76
961 44
962 14
963 43
964 26
965 61
966 19
967 33
968 87
969 3
970 40
971 15
972 82
973 8
974 42
975 32
976 30
977 81
978 57
979 65
980 44
981 39
982 71
983 81
984 100
985 52
986 82
987 89
988 11
989 2
990 15
991 24
992 59
993 57
994 86
995 73
996 76
997 41
998 97
999 39
1000 44
1001 44
1002 66
1003 85
1004 88
1005 76
1006 3
1007 63
1008 91
1009 42
1010 3
1011 60
1012 12
1013 7
1014 75
1015 82
1016 96
1017 95
1018 37
1019 37
1020 79
1021 46
1022 80
1023 6
1024 28
1025 10
1026 54
1027 1
1028 4
1029 26
1030 23
1031 59
1032 37
1033 9
1034 19
1035 18
1036 66
1037 40
1038 15
1039 51
1040 61
1041 93
1042 90
1043 13
1044 75
1045 12
1046 9
1047 91
1048 14
1049 57
1050 87
1051 36
1052 18
1053 64
1054 98
1055 98
1056 82
1057 48
1058 45
1059 36
1060 90
1061 76
1062 31
1063 88
1064 20
1065 69
1066 71
1067 8
1068 24
1069 89
1070 13
1071 50
1072 5
1073 9
1074 2
1075 42
1076 54
1077 7
1078 16
1079 27
1080 6
1081 97
1082 96
1083 45
1084 2
1085 56
1086 2
1087 7
1088 76
1089 83
1090 86
1091 50
1092 68
1093 9
1094 50
1095 86
1097 75
1098 59
1099 37
1100 61
1101 71
1102 87
1103 1
1104 90
1105 23
1106 61
1107 33
1108 86
1109 19
1110 21
1111 21
1112 31
1113 55
1114 86
1115 82
1116 91
1117 100
1118 43
1120 21
1121 12
1122 90
1123 74
1124 41
1125 43
1126 78
1127 2
1128 19
1129 97
1130 60
1131 47
1132 90
1133 4
1134 26
1135 23
1136 39
1137 18
1138 7
1139 53
1140 80
1141 77
1142 60
1143 49
1144 90
1146 56
1147 23
1148 76
1149 77
1150 97
1151 98
1152 84
1153 36
1154 14
1155 72
1156 73
1157 67
1158 37
1159 83
1160 74
1161 72
1162 77
1163 94
1164 33
1165 44
1166 3
1167 67
1168 14
1169 62
1170 16
1171 79
1172 5
1173 78
1174 50
1175 11
1176 21
1177 16
1178 96
1179 92
1180 10
1181 5
1182 25
1183 2
1184 97
1185 8
1186 99
1187 42
1188 26
1189 100
1190 68
1191 44
1192 40
1193 4
1194 61
1195 82
1196 94
1197 71
1198 2
1199 39
1200 48
1201 68
1202 70
1203 14
1204 45
1205 50
1207 71
1209 90
1210 46
1211 100
1212 47
1213 81
1214 51
1215 33
1216 16
1217 20
1218 20
1219 58
1220 59
1221 0
1222 49
1223 33
1225 51
1226 67
1227 82
1228 63
1229 81
1230 49
1231 65
1232 98
1234 36
1235 66
1236 97
1237 45
1238 78
1239 48
1240 98
1241 93
1242 5
1243 20
1244 21
1245 97
1246 24
1247 21
1248 51
1249 62
1250 42
1251 72
1252 51
1254 95
1255 43
1256 60
1257 53
1258 57
1259 69
1260 32
1261 90
1262 97
1263 44
1264 67
1265 31
1266 0
1267 26
1268 89
1269 64
1270 48
1271 75
1272 28
1273 46
1274 0
1275 93
1276 16
1277 21
1278 15
1279 96
1280 93
1281 72
1282 37
1283 53
1284 8
1285 15
1286 93
1287 1
1288 44
1289 43
1290 90
1291 92
1292 45
1293 32
1294 58
1295 36
1296 34
1297 29
1298 5
1299 34
1300 1
1301 57
1302 10
1303 63
1304 50
1305 15
1306 8
1307 29
1308 15
1309 22
1310 23
1311 95
1312 16
1313 36
1314 36
1315 0
1316 71
1317 40
1318 75
1319 15
1320 94
1321 27
1322 31
1323 94
1324 97
1325 49
1327 55
1328 37
1329 68
1330 57
1331 96
1332 14
1333 99
1334 40
1335 10
1336 62
1337 98
1338 95
1339 1
1340 9
1341 34
1342 23
1343 31
1344 44
1345 30
1346 78
1347 89
1348 63
1349 84
1350 5
1351 44
1352 51
1353 100
1354 27
1355 15
1356 60
1357 57
1358 97
1359 75
1360 70
1361 36
1362 61
1363 56
1364 96
1365 40
1366 25
1367 5
1368 69
1369 7
1370 63
1371 70
1372 75
1373 22
1374 33
1375 27
1376 49
1377 57
1378 61
1379 44
1380 77
1381 4
1382 50
1383 66
1384 5
1385 100
1387 73
1388 99
1389 18
1390 93
1391 96
1392 3
1393 69
1395 100
1396 66
1397 14
1398 12
1399 78
1400 55
1401 22
1402 52
1403 12
1404 17
1405 22
1406 51
1407 3
1408 82
1409 5
1410 57
1411 82
1412 30
1413 95
1414 98
1415 58
1416 85
1417 70
1418 78
1419 52
1420 79
1421 26
1422 3
1423 0
1424 26
1425 77
1426 82
1427 57
1428 87
1429 37
1430 41
1431 87
1432 86
1433 21
1434 93
1435 60
1436 1
1437 26
1438 47
1439 67
1440 26
1441 67
1442 81
1443 0
1444 60
1445 89
1446 60
1447 30
1448 62
1449 26
1450 4
1451 28
1452 53
1453 80
1454 20
1455 95
1456 79
1457 21
1458 56
1459 31
1460 16
1461 43
1462 70
1463 8
1464 69
1465 0
1467 54
1468 34
1469 51
1470 54
1471 15
1472 69
1473 95
1474 82
1475 97
1476 28
1477 78
1478 87
1479 73
1480 36
1481 83
1482 42
1483 93
1484 42
1485 66
1487 77
1488 47
1489 49
1490 58
1491 50
1492 50
1493 0
1494 1
1495 92
1496 6
1497 34
1498 79
1499 96
1500 92
1501 23
1502 35
1503 37
1504 58
1505 68
1506 42
1507 58
1508 67
1509 24
1510 34
1511 64
1512 61
1513 7
1514 36
1515 45
1516 80
1517 77
1518 18
1519 87
1520 66
1521 50
1522 74
1523 90
1524 59
1525 38
1526 85
1527 38
1528 98
1529 54
1530 38
1531 6
1532 22
1533 77
1534 56
1535 27
1536 85
1537 50
1538 55
1539 11
1540 36
1541 97
1542 92
1543 13
1544 16
1545 65
1546 40
1547 38
1548 16
1549 43
1550 4
1551 75
1552 8
1553 26
1554 9
1555 18
1556 32
1557 8
1558 19
1559 89
1561 11
1562 70
1563 54
1564 48
1565 51
1566 25
1567 1
1568 19
1569 10
1570 78
1571 71
1572 90
1573 33
1574 82
1575 56
1576 27
1577 46
1578 99
1580 95
1582 55
1583 20
1584 11
1585 76
1587 11
1588 46
1589 75
1590 21
1591 60
1592 28
1593 28
1594 50
1595 33
1596 26
1597 38
1598 68
1599 1
1600 7
1601 64
1602 86
1603 75
1604 58
1605 78
1606 49
1607 14
1608 28
1609 64
1610 63
1611 72
1612 87
1613 76
1614 95
1615 58
1616 93
1617 51
1618 85
1619 57
1620 8
1621 45
1622 17
1623 52
1624 99
1625 99
1626 82
1627 79
1628 95
1629 31
1630 94
1631 44
1632 1
1633 64
1634 59
1635 46
1636 14
1637 0
1638 85
1639 71
1640 73
1641 18
1642 87
1643 74
1644 70
1645 1
1646 70
1647 46
1648 92
1649 4
1650 93
1651 37
1652 61
1653 18
1654 9
1655 2
1656 55
1657 73
1658 22
1659 68
1660 43
1661 44
1662 9
1663 69
1664 44
1665 12
1666 10
1667 63
1668 75
1669 9
1670 81
1671 39
1672 71
1673 29
1674 35
1675 77
1676 5
1677 46
1678 20
1679 44
1680 48
1681 24
1682 31
1683 62
1684 14
1685 1
1686 44
1687 34
1688 12
1689 14
1691 10
1692 92
1693 79
1694 74
1695 79
1696 47
1697 12
1698 31
1699 83
1700 100
1701 68
1702 3
1703 21
1704 72
1705 46
1706 71
1707 10
1709 98
1710 53
1712 1
1714 52
1715 97
1716 62
1717 9
1718 22
1719 52
1720 12
1721 7
1722 53
1723 36
1724 65
1725 22
1726 2
1727 72
1728 91
1729 16
1730 80
1731 71
1732 40
1733 64
1734 45
1735 53
1736 52
1737 60
1738 98
1739 97
1740 96
1741 79
1742 34
1743 37
1744 58
1745 35
1746 25
1747 38
1748 21
1749 21
1750 87
1751 37
1752 93
1753 22
1754 87
1756 23
1757 38
1758 39
1759 27
1761 48
1763 39
1765 95
1766 0
1767 51
1768 51
1769 77
1770 31
1771 11
1772 13
1773 15
1774 45
1775 93
1776 18
1778 34
1779 60
1780 74
1781 99
1782 90
1783 74
1784 3
1785 55
1786 10
1787 60
1789 6
1790 45
1791 49
1792 54
1793 49
1794 87
1795 4
1796 63
1797 82
1798 54
1799 94
1800 92
1801 6
1802 8
1803 86
1804 28
1805 32
1806 35
1807 71
1809 7
1810 46
1811 74
1812 35
1813 27
1815 95
1816 43
1817 67
1818 31
1819 45
1820 87
1821 64
1822 36
1823 48
1824 68
1826 88
1827 88
1828 44
1829 78
1831 19
1832 44
1833 86
1835 30
1836 50
1837 10
1839 82
1841 96
1842 16
1843 72
1844 30
1845 94
1846 89
1847 50
1848 82
1849 59
1850 70
1852 11
1857 15
1858 21
1859 56
1860 64
1861 65
1862 69
1863 39
1864 4
1865 33
1867 85
1868 37
1869 24
1870 43
1871 47
1872 48
1873 47
1874 68
1876 26
1877 20
1878 84
1879 30
1880 66
1881 82
1884 43
1885 70
1886 27
1887 74
1888 65
1893 58
1894 67
1897 82
1898 81
1899 18
1901 50
1902 60
1904 3
1909 51
1912 72
1913 100
1914 34
1915 37
1916 92
1917 70
1918 11
1919 67
1920 12
1921 48
1922 41
1923 54
1924 86
1925 90
1926 15
1927 78
1928 55
1929 26
1930 39
1931 69
1932 23
1933 100
1934 89
1935 23
1936 70
1937 25
1938 31
1939 76
1940 24
1941 31
1942 55
1943 85
1944 56
1945 50
1946 23
1947 11
1948 56
1949 60
1950 77
1951 16
1952 72
1953 14
1954 33
1955 57
1956 51
1957 53
1958 89
1959 57
1960 52
1961 25
1962 0
1963 19
1964 30
1965 74
1966 10
1968 71
1969 96
1970 38
1971 38
1972 35
1973 32
1974 19
1975 64
1976 23
1977 59
1978 28
1979 4
1980 7
1981 96
1982 21
1983 88
1984 92
1985 29
1986 49
1987 20
1988 50
1989 33
1990 29
1991 47
1992 14
1993 59
1994 6
1995 77
1996 4
1997 17
1998 76
1999 7
2000 43
2001 8
2002 96
2003 51
2004 31
2005 51
2006 38
2007 20
2008 100
2009 87
2010 27
2011 21
2012 61
2013 92
2014 18
2015 85
2016 91
2017 21
2018 68
2019 26
2020 91
2021 84
2022 10
2023 4
2024 65
2025 13
2026 95
2027 62
2028 96
2029 10
2030 46
2031 47
2032 62
2033 66
2034 19
2035 6
2036 52
2037 24
2038 44
2039 20
2040 38
2041 60
2042 50
2043 75
2044 54
2045 50
2046 99
2047 7
2048 79
2049 90
2050 81
2051 66
2052 21
2053 43
2054 69
2055 89
2056 82
2057 34
2058 76
2059 16
2060 95
2061 98
2062 8
2063 94
2064 35
2065 23
2066 31
2067 24
2068 10
2069 39
2070 61
2071 42
2072 72
2073 93
2074 51
2075 11
2076 91
2077 58
2078 57
2080 13
2081 67
2082 63
2083 94
2084 1
2085 32
2086 36
2087 49
2088 97
2089 13
2090 57
2091 31
2092 93
2093 23
2094 25
2095 55
2096 23
2097 37
2098 67
2099 46
2100 40
2101 44
2102 94
2103 2
2104 70
2105 0
2106 73
2107 14
2108 60
2109 95
2110 95
2111 73
2112 61
2113 92
2114 38
2115 68
2116 16
2117 34
2118 69
2119 20
2120 40
2121 43
2122 88
2123 84
2124 98
2125 59
2126 80
2127 16
2128 60
2129 17
2130 42
2131 97
2132 40
2133 78
2134 39
2135 87
2136 37
2137 93
2138 97
2139 54
2140 17
2141 90
2142 9
2143 9
2144 54
2145 36
2146 66
2147 52
2148 96
2149 2
2150 21
2151 9
2152 97
2153 16
2154 14
2155 34
2156 70
2157 69
2158 83
2159 67
2160 42
2161 28
2162 52
2163 60
2164 48
2165 51
2166 87
2167 100
2168 42
2169 29
2170 67
2171 88
2172 64
2173 91
2174 40
2175 73
2176 44
2177 45
2178 33
2179 19
2180 43
2181 23
2182 66
2183 15
2184 8
2185 96
2186 9
2187 42
2188 1
2189 32
2190 33
2191 97
2192 73
2193 44
2194 2
2196 48
2197 76
2198 20
2199 66
2200 95
2201 36
2202 45
2203 15
2204 33
2205 66
2206 89
2207 7
2208 44
2209 98
2210 1
2211 56
2212 90
2213 2
2214 87
2215 96
2216 1
2217 24
2218 20
2219 23
2220 92
2221 6
2222 69
2223 98
2224 50
2225 77
2226 85
2227 16
2228 72
2229 43
2230 78
2231 87
2232 67
2233 83
2234 55
2235 51
2236 16
2237 15
2238 70
2239 10
2240 88
2241 33
2242 86
2243 56
2244 9
2245 43
2246 7
2247 49
2248 53
2249 62
2250 93
2251 61
2252 0
2253 95
2254 83
2255 100
2256 36
2257 17
2258 91
2259 69
2260 16
2261 41
2262 53
2263 11
2264 10
2265 6
2266 60
2267 34
2268 66
2270 21
2271 100
2272 58
2273 84
2274 3
2275 51
2276 32
2277 83
2278 85
2279 70
2280 12
2281 44
2282 81
2283 46
2284 11
2285 53
2286 5
2287 29
2288 58
2289 70
2290 19
2291 7
2292 3
2293 89
2294 78
2295 42
2296 9
2297 51
2298 43
2299 98
2300 30
2301 56
2302 12
2303 42
2304 82
2305 70
2306 95
2307 47
2308 68
2309 64
2310 46
2311 75
2312 76
2313 75
2314 31
2315 76
2316 68
2317 5
2318 8
2319 94
2320 19
2321 100
2322 72
2323 86
2324 23
2325 98
2326 35
2327 68
2328 94
2329 30
2330 88
2331 41
2332 45
2333 51
2334 89
2335 77
2336 53
2337 27
2338 0
2339 74
2340 92
2341 36
2342 81
2343 38
2344 24
2345 77
2346 51
2347 61
2348 81
2349 77
2350 80
2351 65
2352 12
2353 87
2354 56
2355 93
2356 64
2357 24
2358 41
2359 87
2360 30
2361 66
2362 88
2363 57
2364 47
2365 48
2366 99
2367 18
2368 60
2369 3
2370 87
2371 82
2372 1
2373 15
2374 99
2375 62
2376 8
2377 51
2378 46
2379 79
2380 57
2381 24
2382 23
2383 16
2384 82
2385 92
2386 49
2387 42
2389 94
2390 77
2391 33
2392 68
2393 62
2394 0
2395 56
2396 46
2397 48
2398 75
2399 58
2400 61
2401 11
2402 42
2403 9
2404 94
2405 1
2406 30
2407 88
2408 35
2409 69
2410 53
2411 92
2412 65
2413 90
2414 6
2415 91
2416 45
2417 64
2418 77
2419 1
2420 50
2421 29
2422 57
2423 24
2424 38
2425 92
2426 71
2427 78
2428 16
2429 73
2430 47
2431 82
2432 88
2433 16
2434 77
2435 35
2436 77
2438 25
2439 8
2440 9
2441 27
2442 54
2443 16
2444 87
2445 85
2446 37
2447 73
2448 29
2449 18
2450 12
2451 88
2452 1
2453 23
2454 36
2455 4
2456 13
2458 97
2459 62
2460 42
2461 8
2462 7
2463 79
2464 51
2465 48
2466 0
2467 11
2468 34
2469 63
2471 59
2472 60
2473 82
2474 40
2475 83
2476 94
2477 7
2478 52
2479 41
2480 78
2481 52
2482 49
2483 7
2484 80
2485 84
2486 74
2487 4
2488 65
2489 37
2490 55
2491 21
2492 74
2493 37
2494 85
2495 39
2496 50
2497 25
2498 72
2499 22
2500 99
2501 42
2502 89
2503 74
2504 58
2505 71
2506 98
2507 26
2508 30
2509 26
2510 83
2511 49
2512 22
2513 73
2514 40
2515 96
2516 58
2518 87
2519 83
2520 99
2521 95
2522 80
2523 77
2524 62
2525 100
2526 49
2527 70
2528 14
2529 85
2530 5
2531 18
2532 92
2533 48
2534 73
2535 11
2536 45
2537 82
2538 58
2539 19
2540 37
2542 60
2543 31
2544 38
2546 94
2547 48
2548 81
2549 77
2550 50
2551 56
2552 50
2553 45
2554 31
2555 65
2556 96
2557 98
2558 44
2559 64
2560 55
2561 10
2562 6
2563 62
2564 40
2565 72
2566 61
2567 28
2568 24
2570 19
2571 65
2573 66
2574 96
2575 23
2576 63
2577 28
2578 27
2579 23
2581 12
2582 86
2583 34
2584 35
2585 35
2586 78
2588 48
2589 88
2590 76
2591 75
2592 51
2593 72
2594 52
2597 3
2598 44
2599 81
2600 31
2601 2
2602 51
2603 33
2604 1
2605 3
2606 52
2607 61
2608 63
2609 89
2610 4
2611 10
2613 29
2614 76
2615 53
2616 10
2617 8
2618 74
2619 6
2620 17
2622 37
2623 23
2624 67
2625 75
2626 98
2627 30
2628 87
2629 33
2630 89
2631 22
2633 4
2636 37
2637 19
2638 90
2639 75
2640 84
2641 5
2642 93
2643 57
2645 39
2646 90
2647 92
2648 25
2654 9
2657 2
2658 89
2659 27
2661 17
2662 61
2663 44
2664 80
2665 29
2666 1
2667 86
2668 43
2669 21
2670 62
2671 78
2672 92
2673 100
2674 34
2675 13
2676 82
2677 53
2678 69
2679 29
2680 84
2681 33
2682 57
2683 87
2684 63
2685 14
2686 17
2687 43
2688 78
2689 54
2690 97
2691 92
2692 34
2693 86
2694 13
2695 99
2696 33
2697 28
2698 92
2699 12
2700 27
2701 9
2702 0
2703 19
2705 6
2706 13
2707 68
2708 99
2709 19
2710 58
2711 80
2712 67
2713 76
2714 96
2715 32
2716 95
2717 94
2718 13
2719 49
2720 69
2721 29
2722 15
2723 82
2724 10
2725 90
2726 76
2727 54
2728 50
2729 27
2730 64
2731 50
2732 20
2733 85
2734 34
2735 71
2736 32
2737 64
2738 51
2739 1
2741 21
2742 15
2743 25
2744 88
2745 4
2746 77
2747 51
2748 8
2749 11
2750 94
2751 53
2752 66
2753 99
2754 98
2755 70
2756 87
2757 76
2758 30
2759 15
2760 81
2761 6
2762 34
2763 24
2764 96
2765 44
2766 59
2767 39
2768 45
2769 55
2770 5
2771 68
2772 100
2773 64
2774 82
2775 59
2776 27
2777 91
2778 71
2779 17
2780 70
2781 15
2782 45
2783 91
2784 94
2785 54
2786 66
2787 3
2788 59
2789 97
2790 80
2791 98
2792 77
2793 96
2794 94
2795 30
2796 16
2797 63
2798 2
2799 74
2800 48
2801 48
2802 88
2803 27
2804 96
2805 15
2806 15
2807 36
2808 60
2809 23
2810 30
2811 33
2812 51
2813 95
2815 80
2816 12
2817 22
2818 75
2819 21
2820 86
2821 33
2822 43
2823 28
2824 34
2825 43
2826 93
2827 74
2828 89
2829 64
2830 58
2831 36
2832 88
2833 21
2834 58
2835 97
2836 38
2837 58
2838 94
2839 19
2840 98
2841 16
2843 3
2844 23
2845 50
2846 18
2847 11
2848 25
2849 67
2850 79
2851 77
2852 36
2853 59
2854 19
2855 84
2856 96
2857 47
2858 79
2859 14
2860 73
2861 26
2862 41
2863 27
2864 11
2865 7
2866 57
2867 40
2868 42
2869 88
2870 65
2871 97
2872 21
2873 42
2874 41
2875 46
2876 67
2877 46
2878 43
2879 36
2880 54
2881 90
2882 48
2883 3
2884 85
2885 64
2886 27
2887 19
2888 77
2889 42
2890 74
2891 83
2892 4
2893 13
2894 76
2895 28
2896 47
2897 53
2898 86
2899 56
2900 84
2901 21
2902 87
2903 25
2904 80
2905 67
2906 91
2907 87
2908 44
2909 96
2910 84
2911 87
2912 22
2913 54
2914 50
2915 51
2916 96
2917 39
2918 60
2919 47
2920 9
2921 78
2922 25
2923 47
2924 14
2925 13
2926 4
2927 85
2928 91
2929 89
2930 73
2931 34
2932 15
2933 17
2934 83
2935 86
2936 24
2937 43
2938 11
2939 40
2940 61
2941 34
2942 81
2943 53
2944 57
2945 86
2946 83
2947 62
2948 98
2949 64
2950 46
2951 64
2952 21
2953 28
2954 9
2955 10
2956 62
2957 95
2958 28
2959 87
2960 52
2961 1
2962 20
2963 3
2964 63
2965 77
2966 50
2967 19
2968 84
2969 6
2970 31
2972 58
2973 68
2974 30
2975 84
2976 12
2977 75
2978 53
2979 73
2980 47
2981 81
2982 62
2983 96
2984 74
2985 31
2986 33
2987 42
2988 98
2989 69
2990 40
2991 17
2992 14
2993 42
2994 10
2995 8
2996 55
2997 8
2998 60
2999 68
3000 5
3001 64
3002 54
3004 90
3005 22
3007 71
3008 37
3009 12
3010 79
3011 22
3012 62
3013 62
3014 60
3015 61
3016 12
3017 29
3018 58
3019 82
3020 24
3021 72
3022 83
3023 57
3024 8
3025 43
3026 43
3027 28
3028 20
3029 88
3030 7
3032 45
3033 9
3034 71
3035 9
3036 82
3038 80
3039 75
3040 55
3041 79
3042 48
3043 73
3044 87
3045 74
3046 94
3047 61
3048 21
3049 5
3050 58
3051 78
3052 52
3053 94
3054 48
3055 43
3056 72
3057 14
3058 74
3059 77
3060 95
3061 13
3062 38
3063 76
3064 81
3065 21
3066 88
3067 73
3068 48
3069 100
3070 7
3072 15
3073 33
3074 88
3075 13
3076 73
3077 83
3078 92
3079 93
3080 67
3081 35
3082 11
3083 79
3084 66
3085 11
3086 85
3087 20
3088 66
3089 92
3090 42
3092 99
3093 13
3094 48
3095 60
3096 25
3097 30
3098 85
3099 45
3100 60
3101 11
3102 62
3103 90
3104 29
3105 87
3106 71
3107 21
3108 24
3109 57
3110 88
3111 35
3112 98
3113 46
3114 22
3115 48
3116 35
3117 46
3118 97
3119 4
3120 51
3122 71
3123 13
3124 42
3126 33
3127 47
3128 48
3129 39
3130 38
3131 14
3132 66
3133 7
3135 68
3136 68
3137 4
3138 14
3139 36
3140 21
3141 69
3142 11
3143 51
3144 76
3145 11
3146 97
3148 86
3149 83
3150 86
3151 94
3152 35
3153 73
3154 29
3155 20
3156 41
3157 83
3158 82
3159 12
3160 40
3161 95
3162 52
3163 75
3164 33
3165 16
3166 92
3167 88
3168 71
3169 36
3170 76
3171 17
3172 18
3173 95
3174 85
3175 29
3176 51
3177 57
3178 82
3179 31
3180 25
3181 99
3182 60
3184 94
3185 96
3186 24
3187 20
3188 11
3189 53
3190 9
3191 0
3192 28
3193 15
3194 90
3195 78
3196 47
3197 84
3198 16
3199 93
3200 0
3201 75
3202 29
3203 69
3204 8
3205 17
3206 90
3207 27
3208 79
3209 7
3210 84
3211 73
3212 13
3213 59
3214 47
3215 90
3217 81
3218 57
3219 82
3220 0
3221 82
3222 63
3223 43
3224 5
3225 92
3226 56
3227 45
3228 89
3229 57
3231 10
3232 16
3233 93
3234 18
3235 100
3236 83
3237 66
3238 50
3239 51
3240 1
3241 92
3242 9
3243 97
3244 74
3245 0
3246 86
3247 17
3248 67
3249 58
3250 79
3251 31
3252 46
3253 91
3254 64
3255 75
3256 83
3257 41
3258 90
3259 72
3260 67
3261 64
3262 17
3263 54
3264 90
3265 31
3266 17
3267 99
3268 6
3269 75
3272 0
3273 3
3274 81
3275 41
3276 40
3277 83
3278 63
3279 42
3280 82
3281 47
3283 57
3284 79
3285 31
3286 39
3287 36
3288 16
3289 10
3291 23
3292 35
3293 7
3294 77
3295 59
3296 23
3297 49
3298 46
3299 23
3300 34
3301 60
3302 14
3303 46
3304 39
3305 21
3306 94
3307 89
3308 23
3309 41
3311 46
3312 9
3313 60
3314 50
3315 40
3316 43
3317 85
3318 82
3319 18
3320 20
3321 98
3322 49
3323 63
3324 85
3325 95
3326 48
3327 18
3328 10
3329 63
3330 10
3331 55
3332 4
3333 81
3334 75
3335 77
3337 33
3338 41
3339 9
3340 1
3341 94
3342 42
3343 27
3344 37
3345 23
3346 51
3347 99
3348 15
3349 16
3350 39
3351 78
3352 89
3353 34
3355 65
3356 20
3357 68
3358 50
3359 51
3360 75
3362 81
3363 37
3364 67
3365 97
3366 90
3367 32
3369 58
3371 50
3376 36
3377 30
3378 68
3379 70
3381 74
3382 86
3384 5
3386 44
3387 99
3388 32
3390 27
3391 97
3392 99
3394 3
3395 43
3396 69
3397 74
3398 58
3399 20
3401 18
3402 38
3403 51
3406 6
3410 20
3411 75
3412 11
3416 69
3417 36
3419 85
3422 53
3425 40
3426 52
3437 89
3438 20
3439 96
3440 31
3441 33
3442 65
3443 67
3444 89
3445 43
3446 93
3447 57
3448 96
3449 100
3450 93
3452 7
3454 68
3455 67
3456 2
3457 92
3458 73
3459 100
3460 21
3461 97
3462 40
3463 83
3464 74
3465 6
3466 28
3467 57
3468 71
3469 98
3470 0
3471 6
3472 27
3473 82
3474 81
3475 100
3476 59
3477 95
3478 64
3479 94
3480 63
3481 6
3482 56
3483 92
3484 8
3485 75
3486 65
3487 82
3488 10
3489 7
3490 86
3491 74
3492 45
3493 26
3494 28
3495 71
3496 48
3497 72
3498 60
3499 18
3500 82
3501 77
3502 64
3503 30
3504 48
3505 23
3506 16
3507 88
3508 59
3509 3
3510 72
3511 2
3512 7
3513 87
3514 85
3515 39
3516 93
3517 56
3518 45
3519 0
3520 53
3521 68
3522 30
3523 19
3524 88
3525 76
3526 41
3527 93
3528 76
3529 96
3530 4
3531 61
3532 53
3533 9
3534 58
3535 64
3536 9
3537 96
3538 15
3539 4
3540 87
3541 52
3542 26
3543 1
3544 16
3545 6
3546 77
3547 84
3548 74
3549 48
3550 60
3551 83
3552 20
3553 95
3554 73
3555 16
3556 42
3557 19
3558 83
3559 9
3560 16
3561 73
3562 28
3563 79
3564 22
3565 41
3566 98
3567 94
3568 28
3569 95
3571 24
3572 16
3573 87
3574 86
3575 87
3576 14
3577 80
3578 75
3579 85
3580 100
3581 27
3582 60
3583 21
3584 89
3585 25
3586 53
3587 78
3588 8
3589 89
3590 27
3591 12
3592 11
3593 40
3594 72
3595 62
3596 66
3598 31
3599 41
3600 22
3601 2
3602 6
3603 28
3604 11
3605 89
3606 52
3607 39
3608 37
3609 63
3610 44
3611 18
3612 100
3613 38
3614 66
3615 1
3616 52
3617 43
3618 66
3619 66
3620 63
3621 95
3622 74
3623 76
3624 70
3625 91
3626 6
3627 25
3628 71
3629 82
3630 57
3631 20
3632 99
3633 95
3634 84
3635 74
3636 84
3637 33
3638 55
3639 76
3640 38
3641 40
3642 98
3643 63
3644 22
3645 43
3646 49
3647 80
3648 63
3649 36
3651 81
3652 48
3653 43
3654 28
3655 31
3656 54
3657 13
3658 10
3659 88
3660 67
3661 15
3662 90
3663 58
3664 31
3665 9
3666 2
3667 33
3668 84
3669 20
3670 61
3671 51
3672 8
3674 79
3675 99
3676 93
3677 20
3678 21
3679 50
3680 41
3681 25
3682 9
3683 38
3684 61
3685 2
3687 68
3689 18
3690 88
3691 89
3692 17
3693 8
3694 89
3695 97
3696 84
3697 66
3698 23
3700 66
3701 26
3702 65
3703 11
3704 100
3705 88
3706 75
3707 31
3708 36
3710 71
3711 71
3712 76
3713 78
3714 27
3715 84
3716 31
3717 0
3718 97
3719 22
3720 70
3721 49
3722 67
3723 63
3725 42
3726 67
3727 60
3728 25
3730 30
3731 43
3733 25
3734 11
3735 96
3736 77
3737 5
3738 47
3739 30
3740 48
3741 10
3742 76
3743 12
3744 18
3745 34
3746 62
3747 94
3749 49
3750 39
3751 12
3752 72
3753 98
3754 79
3755 5
3756 1
3757 7
3758 70
3759 29
3760 63
3761 31
3762 90
3763 47
3764 16
3765 85
3766 84
3767 59
3768 61
3769 90
3771 50
3772 37
3773 68
3774 57
3775 63
3776 66
3777 15
3778 23
3779 31
3780 12
3781 68
3782 92
3783 59
3784 84
3785 35
3786 20
3787 20
3788 17
3789 41
3790 37
3791 44
3792 17
3793 62
3794 9
3795 44
3796 97
3797 79
3799 93
3800 28
3801 88
3802 90
3803 2
3804 71
3805 14
3806 89
3809 57
3810 0
3811 52
3813 53
3814 15
3815 13
3817 36
3818 8
3819 29
3821 40
3822 38
3823 21
3824 15
3825 96
3826 65
3828 42
3829 41
3830 70
3831 32
3833 90
3834 68
3835 62
3836 97
3837 22
3838 93
3840 57
3841 92
3842 27
3843 50
3844 16
3845 75
3847 89
3848 90
3849 73
3851 43
3852 91
3854 30
3855 8
3857 34
3858 94
3859 83
3860 52
3861 65
3862 23
3863 79
3864 52
3866 43
3867 35
3868 35
3869 76
3870 27
3871 73
3872 59
3873 26
3874 88
3875 88
3877 62
3878 49
3879 83
3880 10
3883 56
3884 76
3886 1
3887 6
3888 10
3889 94
3890 9
3891 13
3892 87
3893 88
3894 41
3896 89
3897 32
3898 31
3899 4
3900 92
3901 20
3902 10
3903 86
3906 60
3907 87
3909 7
3912 48
3914 79
3915 34
3916 87
3918 84
3920 64
3924 53
3925 29
3926 6
3927 5
3929 72
3930 97
3931 20
3933 48
3937 7
3938 99
3939 98
3940 36
3943 35
3944 51
3945 11
3947 80
3948 57
3950 69
3951 17
3956 57
3957 22
3960 0
3962 55
3964 16
3966 5
3968 77
3980 26
3981 75
3982 95
3983 61
3985 85
3986 80
3987 95
3988 1
3989 13
3990 86
3991 87
3992 35
3993 50
3994 30
3995 23
3996 43
3997 81
3998 52
3999 16
4000 14
4001 33
4002 33
4003 84
4004 34
4006 96
4007 91
4009 98
4011 22
4013 9
4014 39
4016 8
4017 18
4018 96
4019 59
4020 14
4021 44
4023 62
4026 78
4027 22
4031 87
